algorithm,dimension,window,epoch,f1score,accuracy,precision,recall
PV-DM,50,2,20,0.3,0.176,1.0,0.176
PV-DBOW,50,2,20,0.381,0.235,1.0,0.235
PV-DM,50,4,20,0.3,0.176,1.0,0.176
PV-DBOW,50,4,20,0.381,0.235,1.0,0.235
PV-DM,50,6,20,0.381,0.235,1.0,0.235
PV-DBOW,50,6,20,0.381,0.235,1.0,0.235
PV-DM,50,8,20,0.3,0.176,1.0,0.176
PV-DBOW,50,8,20,0.381,0.235,1.0,0.235
PV-DM,50,10,20,0.381,0.235,1.0,0.235
PV-DBOW,50,10,20,0.3,0.176,1.0,0.176
PV-DM,100,2,20,0.381,0.235,1.0,0.235
PV-DBOW,100,2,20,0.522,0.353,1.0,0.353
PV-DM,100,4,20,0.455,0.294,1.0,0.294
PV-DBOW,100,4,20,0.522,0.353,1.0,0.353
PV-DM,100,6,20,0.381,0.235,1.0,0.235
PV-DBOW,100,6,20,0.455,0.294,1.0,0.294
PV-DM,100,8,20,0.381,0.235,1.0,0.235
PV-DBOW,100,8,20,0.522,0.353,1.0,0.353
PV-DM,100,10,20,0.381,0.235,1.0,0.235
PV-DBOW,100,10,20,0.583,0.412,1.0,0.412
PV-DM,200,2,20,0.522,0.353,1.0,0.353
PV-DBOW,200,2,20,0.583,0.412,1.0,0.412
PV-DM,200,4,20,0.455,0.294,1.0,0.294
PV-DBOW,200,4,20,0.522,0.353,1.0,0.353
PV-DM,200,6,20,0.381,0.235,1.0,0.235
PV-DBOW,200,6,20,0.522,0.353,1.0,0.353
PV-DM,200,8,20,0.455,0.294,1.0,0.294
PV-DBOW,200,8,20,0.583,0.412,1.0,0.412
PV-DM,200,10,20,0.381,0.235,1.0,0.235
PV-DBOW,200,10,20,0.522,0.353,1.0,0.353
PV-DM,300,2,20,0.522,0.353,1.0,0.353
PV-DBOW,300,2,20,0.522,0.353,1.0,0.353
PV-DM,300,4,20,0.455,0.294,1.0,0.294
PV-DBOW,300,4,20,0.583,0.412,1.0,0.412
PV-DM,300,6,20,0.381,0.235,1.0,0.235
PV-DBOW,300,6,20,0.522,0.353,1.0,0.353
PV-DM,300,8,20,0.455,0.294,1.0,0.294
PV-DBOW,300,8,20,0.522,0.353,1.0,0.353
PV-DM,300,10,20,0.381,0.235,1.0,0.235
PV-DBOW,300,10,20,0.583,0.412,1.0,0.412
